spectacle/data/atoms.ecsv
# %ECSV 0.9
# ---
# datatype:
# - {name: name, datatype: str, description: Name of ion}
# - {name: wave, unit: Angstrom, datatype: float64, description: Wavelength of strongest component}
# - {name: osc_str, datatype: float64, description: Oscillator strength}
# - {name: gamma, datatype: float64, description: Gamma factor}
name wave osc_str gamma
HI1216 1215.6701 0.4164 626500000.0
HI1026 1025.7223 0.07912 189700000.0
HI973 972.5368 0.029 81270000.0
HI950 949.7431 0.01394 42040000.0
HI938 937.8035 0.007799 24500000.0
HI931 930.7483 0.004814 12360000.0
HI926 926.2257 0.003183 8255000.0
HI923 923.1504 0.002216 5785000.0
HI921 920.9631 0.001605 4210000.0
HI919 919.3514 0.0012 3160000.0
HI918 918.1294 0.000921 2432000.0
HI917 917.1806 0.0007226 1911000.0
HI916 916.429 0.000577 1529000.0
HI916 915.824 0.000469 1243000.0
HI915 915.329 0.000386 1024000.0
HI915 914.919 0.000321 853300.0
HI915 914.576 0.00027 718600.0
HI914 914.286 0.00023 610900.0
HI914 914.039 0.000197 523700.0
HI914 913.826 0.00017 452300.0
HI914 913.641 0.000148 393300.0
HI913 913.48 0.000129 344300.0
HI913 913.339 0.000114 303000.0
HI913 913.215 0.000101 267900.0
HI913 913.104 8.9e-05 238200.0
HI913 913.006 8e-05 212700.0
HI913 912.918 7.1e-05 190700.0
HI913 912.839 6.4e-05 171600.0
HI913 912.768 5.8e-05 155000.0
HI913 912.703 5.3e-05 140500.0
HI913 912.645 4.8e-05 127700.0
HI912 911.7633 6.3e-18 1.0
HI26565 6564.623 0.6958 64650000.0
HI24863 4862.688 0.1218 20620000.0
HI24342 4341.69 0.04437 9425000.0
DI1215 1215.3394 0.4165 627000000.0
DI1025 1025.4433 0.0791 189700000.0
DI972 972.2722 0.02901 81270000.0
DI949 949.4847 0.01395 42040000.0
DI938 937.5484 0.007808 24500000.0
DI930 930.4951 0.004817 12370000.0
DI926 925.9737 0.003184 8261000.0
DI923 922.899 0.002216 5789000.0
DI921 920.712 0.001605 4214000.0
DI919 919.102 0.001201 3162000.0
DI918 917.879 0.000921 2434000.0
DI917 916.931 0.000723 1913000.0
DI916 916.179 0.000577 1531000.0
DI916 915.575 0.000469 1244000.0
DI915 915.08 0.000386 1025000.0
HeI584 584.334 0.285 200000000.0
HeI537 537.0296 0.0752 200000000.0
HeI522 522.2128 0.0307 200000000.0
HeI516 515.6165 0.0154 200000000.0
HeII304 303.7822 0.416 627000000.0
HeII256 256.317 0.079 189700000.0
BeII3131 3131.3292 0.3321 113000000.0
BeII3132 3131.9742 0.166 112900000.0
BeII1036 1036.319 0.02769 184600000.0
BeII1036 1036.299 0.05538 184600000.0
BII1362 1362.461 0.987 1190000000.0
CI1140 1139.793 0.0141 21000000.0
CI1156 1155.8092 0.00492 8190000.0
CI1157 1157.1857 0.0244 3980000.0
CI1158 1157.9097 0.0212 35100000.0
CI1189 1188.8329 0.0124 19500000.0
CI1193 1193.03 0.0409 63900000.0
CI1194 1193.9954 0.0124 19400000.0
CI1261 1260.7351 0.0507 240000000.0
CI1276 1276.4822 0.00589 8030000.0
CI1277 1277.245 0.09665 232000000.0
CI1280 1280.1352 0.0263 106000000.0
CI1329 1328.8333 0.05804 288000000.0
CI1560 1560.3092 0.08041 127000000.0
CI1657 1656.9283 0.1405 360000000.0
CI*1561 1560.6822 0.0603 127000000.0
CI*1561 1560.709 0.0201 127000000.0
CI*1656 1656.2672 0.05857 361000000.0
CI*1657 1657.3792 0.03512 360000000.0
CI*1658 1657.9068 0.04681 360000000.0
CI**1561 1561.3399 0.0116 127000000.0
CI**1561 1561.3668 0.000772 127000000.0
CI**1561 1561.4384 0.0675 127000000.0
CI**1657 1657.0082 0.1054 361000000.0
CI**1658 1658.1212 0.03511 361000000.0
CII1335 1334.5323 0.1278 288000000.0
CII1036 1036.3367 0.1231 2200000000.0
CII*1336 1335.7077 0.1149 288000000.0
CII*1336 1335.6627 0.01277 288000000.0
CII*1037 1037.0182 0.118 2200000000.0
CIII977 977.02 0.762 1760000000.0
CIV1548 1548.2049 0.1908 264200000.0
CIV1551 1550.7785 0.09522 262800000.0
NI1201 1200.7098 0.043 400000000.0
NI1200 1200.2233 0.0862 402000000.0
NI1200 1199.5496 0.13 407000000.0
NI1135 1134.9803 0.04023 144000000.0
NI1134 1134.4149 0.02683 149000000.0
NI1134 1134.1653 0.01342 151000000.0
NI965 965.0413 0.005801 81600000.0
NI965 964.6256 0.0118 83100000.0
NI964 963.9903 0.01837 85500000.0
NI954 954.1042 0.004 141000000.0
NI954 953.97 0.0348 203000000.0
NI954 953.655 0.025 210000000.0
NI953 953.415 0.0132 219000000.0
NII1084 1083.99 0.1031 374000000.0
NII916 915.612 0.1449 1270000000.0
NIII990 989.799 0.1066 500000000.0
NV1239 1238.821 0.157 339100000.0
NV1243 1242.804 0.07823 335600000.0
OI1356 1355.5977 1.248e-06 5560.0
OI1302 1302.1685 0.04887 565000000.0
OI1039 1039.2304 0.009197 187000000.0
OI1026 1026.4757 8.71e-08 45800000.0
OI1026 1025.762 0.0203 102000000.0
OI989 988.7734 0.04318 226000000.0
OI989 988.6549 0.007712 56600000.0
OI989 988.5778 0.0005146 6290000.0
OI976 976.4481 0.0033 80100000.0
OI972 971.738 0.0148 85800000.0
OI972 971.7376 0.00207 14600000.0
OI972 971.7371 0.000138 1630000.0
OI951 950.8846 0.001571 38760000.0
OI949 948.6855 0.006446 29000000.0
OI938 937.8405 0.000877 11020000.0
OI937 936.6295 0.003735 17040000.0
OI930 930.2566 0.00532 6900000.0
OI930 929.5168 0.002264 10000000.0
OI925 925.442 0.00035 4600000.0
OI925 924.952 0.001534 10000000.0
OI922 922.2 0.00242 3210000.0
OI922 921.86 0.001173 10000000.0
OI920 919.917 0.000177 2330000.0
OI920 919.658 0.000792 10000000.0
OI919 919.222 0.000132 1740000.0
OI918 918.044 0.000614 10000000.0
OI917 916.96 0.000101 1330000.0
OI917 916.815 0.000474 10000000.0
OI*1305 1304.8576 0.0478 565000000.0
OI**1306 1306.0286 0.0478 565000000.0
OII834 834.4655 0.132 200000000.0
OII833 833.3294 0.0886 200000000.0
OII833 832.7572 0.0444 200000000.0
OIII833 832.927 0.107 200000000.0
OIII702 702.332 0.137 200000000.0
OIV788 787.711 0.11 200000000.0
OVI1032 1031.9261 0.1329 414900000.0
OVI1038 1037.6167 0.06609 407600000.0
OVII22 21.60169 0.696 3.32e+12
OVII19 18.62799 0.146 935000000000.0
NeVIII780 780.324 0.0505 100000000.0
NeVIII770 770.409 0.103 100000000.0
NaI5892 5891.5833 0.6311 61570000.0
NaI5898 5897.5581 0.3201 61390000.0
NaI3303 3303.369 0.0092 9641000.0
NaI3304 3303.978 0.0046 9639000.0
NaI2853 2853.012 0.000677 554000.0
NaI2853 2852.811 0.00135 554000.0
MgI2853 2852.9642 1.81 500000000.0
MgI2026 2026.4768 0.112 61200000.0
MgI1828 1827.9351 0.0242 16100000.0
MgI1748 1747.7937 0.00908 6610000.0
MgI1707 1707.0606 0.00437 3330000.0
MgII2796 2796.352 0.6123 262500000.0
MgII2804 2803.531 0.3054 259500000.0
MgII1240 1240.3947 0.000355 1540000.0
MgII1240 1239.9253 0.000633 1370000.0
MgII1026 1026.1134 0.000392 2480000.0
MgII1026 1025.9681 0.000743 2350000.0
MgIIa2796 2796.3553 0.6155 262500000.0
MgIIa2804 2803.5324 0.3058 259500000.0
MgIIb2796 2796.3511 0.6155 262500000.0
MgIIb2804 2803.5283 0.3058 259500000.0
MgIIc2796 2796.3473 0.6155 262500000.0
MgIIc2804 2803.5244 0.3058 259500000.0
MgX625 624.95 0.041 200000000.0
MgX610 609.79 0.0842 200000000.0
AlI3945 3945.1224 0.116 148000000.0
AlI3083 3083.0462 0.177 74500000.0
AlI2368 2367.775 0.106 75800000.0
AlI2264 2264.1647 0.0892 71400000.0
AlII1671 1670.7874 1.88 1390000000.0
AlIII1863 1862.7895 0.268 534000000.0
AlIII1855 1854.7164 0.539 542000000.0
SiI2515 2515.073 0.162 222000000.0
SiI1846 1845.52 0.229 176000000.0
SiI1693 1693.2939 0.156 121000000.0
SiI1631 1631.17 0.2051 171400000.0
SiI1562 1562.002 0.3758 342500000.0
SiII2335 2335.123 4.25e-06 9610.0
SiII1808 1808.013 0.002186 2380000.0
SiII1527 1526.7066 0.127 1130000000.0
SiII1304 1304.3702 0.094 1010000000.0
SiII1260 1260.4221 1.007 2950000000.0
SiII1193 1193.2897 0.4991 4070000000.0
SiII1190 1190.4158 0.2502 4080000000.0
SiII1021 1020.6989 0.02828 668000000.0
SiII990 989.8731 0.133 667300000.0
SiII*1533 1533.4316 0.132 1130000000.0
SiII*1309 1309.2757 0.086 1010000000.0
SiII*1265 1265.002 0.117 2950000000.0
SiII*1265 1264.7377 1.05 2930000000.0
SiII*1197 1197.3938 0.145 4070000000.0
SiII*1195 1194.5002 0.727 4080000000.0
SiIII1206 1206.5 1.66 2480000000.0
SiIV1394 1393.755 0.528 880000000.0
SiIV1403 1402.77 0.262 862000000.0
PI1775 1774.9487 0.169 238000000.0
PI1783 1782.8291 0.113 238000000.0
PII1533 1532.533 0.00761 4770000.0
PII1302 1301.874 0.0173 48200000.0
PII1153 1152.818 0.236 1230000000.0
PII964 963.801 1.458 4140000000.0
PII961 961.0412 0.3489 5090000000.0
PIII1335 1334.8132 0.0282 63200000.0
PIII998 997.9996 0.1117 2220000000.0
PIII917 917.118 0.4049 4780000000.0
PIII914 913.968 0.2031 4790000000.0
PIV951 950.6569 1.49 3670000000.0
PV1128 1128.008 0.2345 1220000000.0
PV1118 1117.977 0.4732 1260000000.0
SI1807 1807.311 0.1105 533000000.0
SI1474 1473.9943 0.0828 182000000.0
SI1296 1295.6531 0.087 346000000.0
SII1260 1259.519 0.01624 46500000.0
SII1254 1253.811 0.01088 46200000.0
SII1251 1250.584 0.005453 46300000.0
SIII1190 1190.208 0.02217 66500000.0
SIII1013 1012.502 0.0355 281000000.0
SIV1063 1062.662 0.03999 169000000.0
SVI945 944.523 0.2181 1610000000.0
SVI933 933.378 0.4414 1670000000.0
ClI1347 1347.24 0.1186 662000000.0
ArI1067 1066.66 0.06747 132000000.0
ArI1048 1048.2199 0.2628 31800000.0
CaI4228 4227.918 1.94 220000000.0
CaI2276 2276.169 0.0661 28400000.0
CaII3935 3934.777 0.65 144400000.0
CaII3970 3969.591 0.322 140900000.0
TiII3385 3384.74 0.34 175000000.0
TiII3243 3242.929 0.1832 244000000.0
TiII3230 3230.131 0.0586 244000000.0
TiII3074 3073.877 0.1091 256000000.0
TiII3067 3067.2379 0.0489 250000000.0
TiII1911 1910.938 0.098 143000000.0
TiII1911 1910.6 0.202 417000000.0
TiIII1299 1298.697 0.0964 635000000.0
TiIII1296 1295.884 0.0418 166000000.0
CrII2066 2066.161 0.0515 417000000.0
CrII2062 2062.234 0.078 406000000.0
CrII2056 2056.2539 0.105 407000000.0
MnII2606 2606.462 0.1927 272000000.0
MnII2594 2594.499 0.271 278000000.0
MnII2577 2576.877 0.3508 282000000.0
MnII1201 1201.118 0.121 785000000.0
MnII1199 1199.391 0.1059 785000000.0
MnII1197 1197.184 0.1566 784000000.0
MnII1162 1162.015 0.0102 39000000.0
FeI3721 3720.993 0.04119 16300000.0
FeI3022 3021.5189 0.1039 169000000.0
FeI2968 2967.765 0.0438 127000000.0
FeI2720 2719.8329 0.122 175000000.0
FeI2524 2523.608 0.279 385000000.0
FeI2502 2501.886 0.0496 385000000.0
FeI2484 2484.021 0.557 500000000.0
FeI2463 2463.392 0.0532 500000000.0
FeI2167 2167.453 0.15 274000000.0
FeII2600 2600.1729 0.239 270000000.0
FeII2587 2586.65 0.0691 272000000.0
FeII2383 2382.765 0.32 313000000.0
FeII2374 2374.4612 0.0313 309000000.0
FeII2368 2367.5905 2.16e-06 307000000.0
FeII2344 2344.214 0.114 268000000.0
FeII2261 2260.7805 0.00244 258000000.0
FeII2234 2234.4472 2.52e-05 275000000.0
FeII2250 2249.8768 0.001821 331000000.0
FeII1902 1901.773 0.0001009 161000.0
FeII1611 1611.2005 0.00136 286000000.0
FeII1608 1608.4511 0.058 274000000.0
FeII1589 1588.6876 0.000148 489000.0
FeII1261 1260.533 0.025 126000000.0
FeII1145 1144.9379 0.106 352000000.0
FeII1143 1143.226 0.0177 98100000.0
FeII1142 1142.3656 0.0042 25600000.0
FeII1134 1133.665 0.0055 30600000.0
FeII1127 1127.0984 0.00112 5890000.0
FeII1125 1125.4478 0.016 103000000.0
FeII1122 1121.9748 0.0202 192000000.0
FeII1112 1112.048 0.00629 20000000.0
FeII1106 1106.3596 0.0015 2150000.0
FeII1097 1096.8769 0.0324 226000000.0
FeII1083 1083.4204 0.0028 200000000.0
FeII1082 1081.8748 0.014 200000000.0
FeII1064 1063.9718 0.003718 35000000.0
FeII1063 1063.176 0.06 323000000.0
FeII1062 1062.152 0.0038 17200000.0
FeII1055 1055.2617 0.007514 46100000.0
FeIII1215 1214.562 0.000239 1390000.0
FeIII1123 1122.526 0.0539 370000000.0
CoII2059 2059.4756 0.00751 278000000.0
CoII2026 2026.4122 0.0125 303000000.0
CoII2012 2012.1664 0.03679 345000000.0
CoII1941 1941.2852 0.034 435000000.0
CoII1575 1574.5503 0.025 67300000.0
CoII1573 1572.6489 0.012 41600000.0
CoII1553 1552.7624 0.0116 32100000.0
CoII1481 1480.9546 0.0119 46500000.0
CoII1466 1466.212 0.031 37800000.0
CoII1425 1424.7866 0.0109 35800000.0
NiI2321 2320.7468 0.685 694000000.0
NiI2312 2311.669 0.3765 470000000.0
NiII1752 1751.9157 0.0277 370000000.0
NiII1742 1741.5531 0.0427 500000000.0
NiII1710 1709.6042 0.0324 435000000.0
NiII1703 1703.405 0.006 500000000.0
NiII1502 1502.148 0.0133 39320000.0
NiII1468 1467.756 0.0099 23000000.0
NiII1467 1467.259 0.0063 29300000.0
NiII1455 1454.842 0.0323 102000000.0
NiII1393 1393.324 0.0101 34700000.0
NiII1370 1370.131 0.0769 410000000.0
NiII1317 1317.217 0.07786 420500000.0
CuII1368 1367.9509 0.179 623000000.0
CuII1359 1358.773 0.3803 720000000.0
ZnII2063 2062.664 0.256 386000000.0
ZnII2026 2026.136 0.489 407000000.0
GeII1602 1602.4863 0.1436 990600000.0
GaII1414 1414.402 1.8 1970000000.0